1 0.241855 0.235542 0.035088 0.208434
1 0.348058 0.142169 0.024436 0.166265
1 0.483396 0.095783 0.164787 0.136145
1 0.654135 0.206627 0.086466 0.259036
1 0.762218 0.196386 0.104637 0.216867
1 0.731830 0.414458 0.115288 0.130120
1 0.605576 0.503614 0.207393 0.392771
1 0.366855 0.501205 0.237469 0.332530
1 0.116855 0.532530 0.154762 0.125301
1 0.174812 0.764458 0.196742 0.203614
1 0.379699 0.798795 0.177945 0.175904
1 0.572995 0.799398 0.183584 0.153012
1 0.746554 0.801807 0.139724 0.169880
1 0.790100 0.605422 0.110276 0.210843
