0 0.093726 0.713685 0.123935 0.183673
0 0.095662 0.564226 0.104570 0.146459
0 0.310612 0.580432 0.097599 0.162065
0 0.498451 0.689076 0.177382 0.244898
0 0.795895 0.590036 0.109218 0.190876
0 0.582107 0.492197 0.054996 0.103241
0 0.656855 0.521008 0.026336 0.184874
0 0.443842 0.448379 0.068164 0.123649
0 0.510844 0.391357 0.061193 0.122449
0 0.391944 0.428571 0.071263 0.110444
0 0.173509 0.460984 0.125484 0.117647
0 0.053447 0.327131 0.086754 0.130852
0 0.388071 0.263505 0.057320 0.078031
0 0.316421 0.394958 0.072037 0.134454
0 0.590627 0.375750 0.068939 0.134454
0 0.647560 0.309124 0.054222 0.138055
0 0.707204 0.227491 0.060418 0.104442
0 0.767622 0.319328 0.027885 0.127251
0 0.833075 0.247899 0.045701 0.090036
0 0.916344 0.249700 0.079009 0.134454
